             0    1    2    3    4    5    6    7    8    9   10   11   12   13   14   15   16   17   18   19 
          .... .... .... .... .... .... .... .... .... .... .... .... .... .... .... .... .... .... .... .... 
  0 D010:   21    0    0    0    0    0    0    0    0    0    0    0    0    0    2    0    0    0    0    0 
  1 D011:    0   19    0    0    0    0    0    0    0    0    0    0    0    0    0    0    0    0    0    0 
  2 D012:    0    0   19    0    0    0    0    0    0    0    0    0    0    0    0    0    0    0    0    0 
  3 D013:    0    0    0   20    0    0    0    0    0    0    0    0    0    0    0    0    0    0    0    0 
  4 D014:    0    0    0    0   17    0    0    0    0    0    0    0    0    0    0    0    0    0    0    0 
  5 D015:    0    0    0    0    1   19    0    0    0    0    0    0    0    0    0    0    0    0    0    0 
  6 D016:    0    0    0    0    0    0   18    0    0    0    0    0    0    0    0    0    0    0    0    0 
  7 D017:    0    0    0    0    0    0    0    2    0    0    0    0    0    0    0    0    0    0    0    0 
  8 D018:    0    0    0    0    0    0    0    0   20    0    0    0    0    0    0    0    0    0    0    0 
  9 D019:    0    1    0    0    0    0    0    0    0   20    0    0    0    0    0    0    0    0    0    0 
 10 V040:    0    0    0    0    0    0    0    0    0    0   19    0    0    2    0    0    0    0    0    0 
 11 V041:    0    0    0    0    0    0    0    0    0    0    0   20    0    0    0    0    0    0    0    0 
 12 V042:    0    0    0    0    0    0    0    0    0    0    1    0   19    0    0    0    0    0    0    0 
 13 V043:    0    0    0    0    0    0    0    0    0    0    0    0    1   18    0    0    0    0    0    0 
 14 V044:    0    0    0    0    0    0    0    0    0    0    0    0    0    0   17    0    0    0    0    0 
 15 V045:    0    0    1    0    1    1    1    0    0    0    0    0    0    0    1   20    0    0    0    3 
 16 V046:    0    0    0    0    0    0    1    0    0    0    0    0    0    0    0    0   18    1    4    1 
 17 V047:    0    0    0    0    0    0    0    0    0    0    0    0    0    0    0    0    2   19    0    0 
 18 V048:    0    0    0    0    1    0    0    0    0    0    0    0    0    0    0    0    0    0   16    0 
 19 V049:    0    0    0    0    0    1    0    0    0    0    0    0    0    0    0    1    0    0    0   16 
 20  REF: D010 D011 D012 D013 D014 D015 D016 D017 D018 D019 V040 V041 V042 V043 V044 V045 V046 V047 V048 V049 